commiting
Received
Received
475286281
475286281
476841250
476841250
476843884
476843884
476845028
476845028
476857292
476857292
476859021
476859021
476860410
476860410
476860979
476860979
476862428
476862428
476869428
476869428
477178889
477178889
477274216
477274216
477558762
477558762
477560431
477560431
477661791
477661791
477663498
477663498
477666712
477666712
477668158
477668158
477677521
477677521
477707558
477707558
477709667
477709667
477710075
477710075
477711192
477711192
477716370
477716370
477719644
477719644
477722097
477722097
477722567
477722567
477906415
477906415
477907035
477907035
477908145
477908145
477912391
477912391
477913186
477913186
477933842
477933842
477934615
477934615
477940027
477940027
477940507
477940507
477941307
477941307
477943198
477943198
477944038
477944038
477945528
477945528
477947816
477947816
477948106
477948106
477948986
477948986
477952498
477952498
477952800
477952800
477953060
477953060
477958520
477958520
477960902
477960902
477967001
477967001
477984432
477984432
477984881
477984881
477998143
477998143
477998319
477998319
477999671
477999671
478003992
478003992
478004631
478004631
478005427
478005427
478008412
478008412
478009645
478009645
478011048
478011048
478012286
478012286
478012797
478012797
478013386
478013386
478013816
478013816
478014340
478014340
478014838
478014838
478015653
478015653
478016676
478016676
478018340
478018340
478018390
478018390
478019370
478019370
478030686
478030686
478031061
478031061
478033947
478033947
478035386
478035386
478036852
478036852
478037738
478037738
478037765
478037765
478038222
478038222
478039016
478039016
478041248
478041248
478043361
478043361
478045698
478045698
478046109
478046109
478046781
478046781
478048796
478048796
478049434
478049434
478049772
478049772
478050542
478050542
478051459
478051459
478077551
478077551
478078132
478078132
478078292
478078292
478078802
478078802
478079240
478079240
478080275
478080275
478091043
478091043
478093272
478093272
478111787
478111787
478116138
478116138
478118292
478118292
478119330
478119330
478119958
478119958
478120145
478120145
478120339
478120339
478121757
478121757
478121879
478121879
478122868
478122868
478122906
478122906
478144076
478144076
478156515
478156515
478157930
478157930
478160070
478160070
478160715
478160715
478166480
478166480
478171300
478171300
478171772
478171772
478172627
478172627
478173668
478173668
478174511
478174511
478175079
478175079
478175402
478175402
478186530
478186530
478187179
478187179
478187737
478187737
478203744
478203744
478209900
478209900
478219739
478219739
478220731
478220731
478222249
478222249
478231097
478231097
478232573
478232573
478236931
478236931
478238031
478238031
478246334
478246334
478249322
478249322
478252433
478252433
478253707
478253707
478258921
478258921
478267443
478267443
478269735
478269735
478269838
478269838
478271725
478271725
478272848
478272848
478273501
478273501
478283824
478283824
478289520
478289520
478289640
478289640
478290056
478290056
478291112
478291112
478294535
478294535
478295983
478295983
478296357
478296357
478296658
478296658
478296954
478296954
478297183
478297183
478297550
478297550
478297804
478297804
478298007
478298007
478298225
478298225
478298593
478298593
478298976
478298976
478299426
478299426
478299868
478299868
478299961
478299961
478300177
478300177
478300539
478300539
478301501
478301501
478301783
478301783
478301995
478301995
478302224
478302224
478302433
478302433
478302760
478302760
478303379
478303379
478303620
478303620
478303853
478303853
478304027
478304027
478304570
478304570
478305117
478305117
478298007
478298007
478298976
478298976
478323165
478323165
478323481
478323481
478329191
478329191
478329622
478329622
478329766
478329766
478330349
478330349
478331809
478331809
478342694
478342694
478344132
478344132
478345775
478345775
478347040
478347040
478349685
478349685
478359233
478359233
478366379
478366379
478367772
478367772
478374864
478374864
478375928
478375928
478396610
478396610
478399581
478399581
478400470
478400470
478400826
478400826
478422348
478422348
478454881
478454881
478458263
478458263
478458842
478458842
478459306
478459306
478462734
478462734
478463245
478463245
478463525
478463525
